47
33
43
39
55
79
68
71
33
44
19
58
77
72
60
67
59
139
74
37
76
74
62
72
25
68
61
58
81
66
117
113
58
29
75
73
89
128
57
42
72
62
41
58
77
26
40
74
33
82
70
72
63
50
82
89
54
81
75
66
44
33
95
77
108
91
64
49
37
41
91
71
63
29
74
62
41
50
62
69
79
104
73
64
55
57
59
55
78
114
209
40
49
37
63
74
62
72
58
71
83
85
60
132
52
62
64
73
44
107
54
100
43
55
81
82
54
108
46
49
102
37
49
65
58
48
74
84
45
75
56
77
71
68
57
91
60
100
70
82
26
85
79
49
45
97
46
30
41
70
97
74
61
40
51
56
58
86
60
76
83
35
91
62
50
44
40
73
98
40
60
29
79
96
65
48
108
96
95
45
72
29
31
75
46
47
165
106
55
24
55
65
22
96
54
41
44
97
48
68
113
44
57
32
68
112
27
90
31
52
65
36
39
66
81
51
92
88
49
38
46
70
46
74
37
47
48
23
74
40
57
65
42
63
41
88
101
48
59
89
65
56
65
69
36
89
39
52
52
29
40
60
97
42
36
47
42
75
45
61
70
95
124
61
50
40
53
56
60
68
112
59
110
72
51
58
33
64
59
48
47
39
63
69
52
37
47
96
75
68
92
68
59
65
53
70
86
25
95
93
212
71
59
44
291
83
84
77
61
75
115
55
55
57
39
60
98
59
44
83
40
61
151
42
35
111
47
27
94
32
104
40
46
85
48
96
95
55
50
83
62
37
37
99
72
118
77
106
82
91
92
64
89
34
85
43
82
70
54
60
60
54
84
57
73
62
40
77
85
59
75
113
47
52
79
59
48
35
73
47
22
65
60
62
36
37
83
73
52
34
35
47
124
45
56
53
71
90
78
52
69
63
67
45
50
36
31
21
78
82
40
100
79
92
87
89
55
38
43
71
67
59
74
59
144
52
70
50
70
81
58
38
83
107
50
147
60
96
267
34
21
74
76
69
91
78
91
64
70
62
92
103
54
55
86
35
25
56
82
57
72
93
62
88
97
30
40
113
44
53
44
121
63
73
82
63
86
71
68
83
31
14
86
30
83
32
49
112
77
87
47
55
60
61
44
53
80
58
43
59
135
134
83
72
54
79
46
89
29
83
48
60
47
46
73
77
54
70
56
98
31
65
31
66
75
49
32
57
59
49
53
31
65
33
109
57
48
31
82
49
62
82
269
74
53
69
94
63
86
59
58
47
56
93
77
53
108
54
56
82
41
40
71
72
43
43
112
81
123
56
71
65
124
42
82
78
76
45
72
52
76
75
115
42
38
85
24
62
43
51
82
54
64
32
50
60
60
301
57
88
63
51
51
20
61
49
41
75
17
47
42
43
41
50
89
27
65
314
80
47
31
111
31
157
50
88
97
50
72
71
125
53
83
59
41
51
75
37
70
92
39
66
31
55
44
38
85
63
42
77
82
112
72
88
79
64
17
61
24
24
44
73
46
72
61
35
54
127
57
29
63
52
59
65
284
42
85
46
53
75
60
31
114
37
71
91
231
72
29
88
75
45
96
28
55
25
43
74
36
57
295
55
29
64
16
52
54
63
50
45
37
94
57
75
40
67
110
65
47
68
72
51
70
58
40
54
48
194
69
266
142
61
98
71
54
52
31
29
46
30
37
58
50
30
75
87
53
38
33
53
34
85
50
76
68
57
40
45
59
62
49
61
37
83
95
78
43
99
85
76
44
117
59
35
39
75
33
55
42
154
58
36
64
91
87
78
92
42
85
318
52
72
87
43
85
40
53
41
53
35
56
90
52
52
61
116
47
72
52
61
48
100
80
42
83
77
46
91
84
62
84
68
81
42
56
38
90
43
79
18
62
72
74
78
83
46
116
75
25
53
69
46
69
82
49
67
65
82
53
54
77
83
52
88
68
110
64
105
60
107
52
79
66
28
55
91
40
77
75
82
63
23
42
47
58
35
19
114
112
72
