45
52
41
51
46
20
121
56
68
44
36
62
47
50
71
117
58
75
39
52
38
52
56
44
23
70
67
65
61
57
89
45
97
89
262
65
58
34
47
48
85
61
73
53
50
62
46
164
46
59
59
104
25
46
42
69
34
61
76
54
76
65
139
33
66
74
58
41
47
82
67
53
50
71
70
45
78
45
127
59
63
58
36
46
50
140
50
69
23
73
51
80
105
65
43
36
413
77
59
76
44
41
72
56
56
88
43
52
53
89
115
112
46
27
59
67
81
40
100
86
99
38
77
47
74
114
75
64
53
25
59
83
66
49
36
72
100
44
78
52
65
40
268
49
91
116
58
133
49
50
29
62
60
27
50
35
41
55
99
44
42
45
36
61
35
82
225
62
46
24
51
99
30
105
51
80
69
24
74
26
52
50
48
75
53
51
26
32
212
85
59
34
33
30
61
59
37
54
58
37
49
86
29
51
97
84
68
49
79
254
128
57
39
84
66
26
106
38
54
33
61
30
38
88
62
48
51
78
88
27
63
70
82
28
77
65
49
35
32
102
62
22
43
105
97
33
64
31
51
26
28
25
108
91
42
50
63
57
49
32
80
61
46
54
36
74
104
36
97
231
251
35
35
73
37
144
128
60
44
48
54
55
313
65
28
42
69
53
49
78
50
36
79
50
77
42
86
87
75
23
35
29
64
39
110
52
51
70
20
49
82
71
70
22
78
52
44
50
24
46
26
92
43
40
29
43
177
60
79
39
77
36
34
42
38
50
33
35
237
42
50
42
40
56
72
63
79
60
82
110
68
44
87
28
28
33
38
40
31
47
60
46
47
67
77
92
35
22
40
36
48
31
79
23
51
36
45
45
37
71
71
40
40
42
116
22
25
74
18
95
31
66
34
63
48
47
79
276
50
32
77
85
62
119
47
67
71
60
44
42
56
59
50
85
43
185
58
51
38
25
82
52
45
191
56
71
89
37
84
54
82
84
40
49
43
78
293
64
78
40
55
78
92
100
42
76
70
42
23
82
41
32
69
85
71
81
29
29
35
373
245
37
59
25
36
121
252
105
60
70
51
38
33
68
53
45
46
28
49
234
46
60
76
60
39
33
46
16
25
55
37
81
26
19
40
63
51
32
44
72
69
40
55
49
66
45
53
110
86
32
171
57
69
26
56
34
261
46
59
31
42
27
12
23
77
62
35
63
25
77
33
31
37
117
52
84
61
44
52
56
69
83
57
84
47
77
60
51
80
54
113
84
87
27
64
49
35
48
41
64
65
62
50
40
36
54
30
69
119
50
54
99
82
28
87
29
20
25
48
54
13
93
86
84
53
37
69
36
59
23
67
38
22
98
83
66
32
42
67
26
51
59
42
34
42
37
92
34
119
289
67
63
126
154
110
49
43
29
32
40
280
48
46
58
41
47
36
68
37
35
24
71
57
64
39
71
71
59
85
88
87
74
75
38
61
33
38
91
71
39
75
51
32
65
75
49
55
69
82
41
58
34
45
107
116
64
187
193
69
52
46
50
39
305
34
49
71
74
81
43
71
88
53
85
76
145
64
69
85
41
89
89
102
34
48
106
71
46
40
32
76
56
83
53
29
223
64
49
59
58
106
33
60
29
84
42
32
69
17
59
37
56
294
54
123
91
171
62
94
253
49
54
61
77
57
65
68
44
34
74
43
88
29
47
33
30
51
218
87
173
66
48
49
55
37
101
112
52
112
72
171
39
29
66
42
108
19
124
75
47
54
30
22
34
104
71
38
59
117
38
46
34
41
28
70
25
275
44
60
67
75
73
82
112
61
35
47
31
47
54
25
102
98
75
61
88
90
21
86
43
25
31
67
63
61
19
62
68
25
71
66
88
122
77
22
85
24
213
38
36
37
12
243
61
114
35
38
125
32
36
37
51
30
66
85
43
63
73
42
45
23
45
43
61
53
40
69
39
41
80
52
242
40
103
28
153
25
74
108
176
56
36
97
39
83
31
45
127
91
42
71
78
47
45
41
84
74
86
73
22
35
31
43
107
66
35
60
146
56
74
48
56
93
28
26
66
39
213
52
75
63
26
25
169
40
28
62
81
85
99
108
20
53
29
188
66
178
71
49
28
92
67
94
90
20
39
56
121
41
77
99
49
81
45
42
52
301
11
259
