50
57
39
103
55
82
56
29
51
23
87
34
48
48
57
60
62
65
38
65
72
84
55
48
78
66
88
50
62
66
55
35
25
45
60
72
42
31
27
62
65
29
54
42
72
59
66
76
43
64
52
51
64
38
90
30
67
77
79
29
72
60
39
47
70
47
58
65
32
69
55
55
41
65
40
27
30
45
59
69
57
63
49
64
35
57
39
71
44
32
54
40
55
49
37
27
68
97
65
36
58
41
35
52
63
102
46
78
23
68
57
69
73
72
48
38
51
52
40
65
54
25
75
92
60
42
30
56
51
53
53
63
80
48
80
95
63
21
66
62
56
45
41
27
32
43
67
54
44
50
66
55
52
32
53
52
37
46
58
44
44
53
59
65
58
26
62
47
65
37
66
35
48
42
40
32
45
73
43
49
53
33
57
56
48
41
51
50
63
74
101
40
53
43
20
63
48
70
36
84
40
42
51
50
84
66
38
27
47
57
33
61
43
68
48
48
75
65
38
53
53
59
45
40
57
66
77
48
54
94
39
64
26
67
80
27
70
81
31
46
57
35
43
55
44
47
50
84
35
47
37
48
80
54
31
39
72
43
54
66
58
42
38
42
58
87
55
77
69
60
48
51
57
57
55
69
61
49
61
31
56
42
68
64
53
60
61
79
41
78
38
32
47
68
85
56
64
57
36
85
58
84
44
40
18
33
91
55
47
71
50
41
59
41
49
22
58
71
40
98
36
75
84
39
52
39
52
41
25
52
46
22
56
47
74
60
27
67
58
43
42
60
29
59
17
62
33
66
86
44
85
70
63
57
32
51
34
53
68
67
57
58
42
29
54
66
49
96
80
52
52
46
58
58
64
40
80
61
33
67
43
50
43
61
42
61
65
61
83
44
49
81
35
45
85
41
61
64
34
35
35
56
58
68
72
63
53
31
82
70
59
67
68
43
49
41
34
46
49
33
41
35
17
63
53
55
25
53
76
54
42
64
76
56
56
43
64
57
48
36
43
69
41
63
71
31
52
42
59
58
47
43
55
37
58
17
47
60
43
48
64
80
49
49
48
60
54
44
65
41
68
44
52
37
35
77
35
52
44
45
82
80
68
37
44
59
45
97
43
55
77
65
43
49
53
72
19
73
79
60
61
66
54
55
50
81
71
62
60
42
78
47
62
48
38
70
51
29
65
56
95
51
69
59
59
41
54
58
50
29
52
52
47
45
49
22
54
32
62
65
53
90
45
40
39
55
52
37
25
52
43
65
40
29
53
76
84
49
39
33
48
42
27
41
69
39
62
29
40
38
74
37
65
43
45
63
61
52
40
71
62
46
44
51
45
41
52
52
30
74
54
81
48
39
51
64
48
45
58
39
39
39
80
61
30
32
50
59
44
32
56
60
47
64
58
34
47
49
47
43
68
66
43
73
67
59
100
63
49
67
22
73
44
51
75
57
78
42
35
48
58
43
44
28
91
52
31
52
32
43
35
54
78
89
51
66
85
31
44
42
111
37
20
43
81
53
35
65
64
45
44
55
64
61
85
48
33
55
45
29
40
86
48
61
62
40
68
82
64
33
52
34
66
54
28
36
32
68
27
68
38
60
47
49
101
47
50
25
84
53
50
48
53
100
95
54
55
43
59
43
57
83
32
56
60
71
65
40
49
61
42
51
43
55
50
74
55
48
76
50
71
73
51
51
52
30
37
47
49
52
48
52
36
31
27
41
42
58
64
54
69
79
65
85
52
55
59
51
49
102
81
62
49
34
79
55
64
35
16
64
56
49
44
52
79
54
45
29
62
47
66
55
50
55
93
64
41
51
60
73
65
47
41
64
44
69
81
45
53
103
84
50
47
64
74
56
77
79
63
68
87
59
51
39
52
79
26
46
89
81
74
49
53
82
30
70
68
37
71
57
67
50
69
49
58
80
50
93
60
48
52
70
47
73
51
89
24
54
64
75
46
74
47
29
62
44
59
71
42
75
50
63
53
72
103
49
70
67
54
53
56
32
54
70
67
39
80
50
61
77
49
67
44
37
48
61
43
51
56
31
55
32
53
44
