56
36
29
26
39
45
36
42
36
21
33
49
24
27
21
52
42
39
51
32
52
42
36
23
53
29
34
33
36
39
49
40
44
35
34
28
36
37
32
46
28
43
52
30
39
26
41
30
41
42
42
29
47
43
31
30
50
23
30
62
26
23
57
44
26
32
33
39
54
34
35
32
34
41
52
37
32
32
28
38
34
45
56
37
37
36
52
38
38
28
30
30
56
31
42
33
32
42
32
37
25
40
53
38
32
34
28
48
44
28
35
54
37
32
47
53
76
37
43
54
28
30
29
49
47
28
61
46
32
34
39
42
88
26
56
36
25
34
28
25
39
32
42
62
24
49
45
22
40
56
55
40
32
33
60
49
17
31
35
24
53
44
28
40
33
31
34
35
49
51
32
33
43
25
32
47
39
45
40
39
44
49
24
34
23
39
39
30
25
38
29
29
49
38
62
32
63
28
15
36
45
52
38
34
38
11
20
23
41
31
50
45
32
38
36
36
25
34
42
29
36
38
27
34
31
40
38
46
59
15
38
60
37
45
34
30
33
53
32
47
29
50
30
31
31
41
41
36
40
38
29
54
52
41
41
29
32
45
25
31
48
46
21
40
52
38
33
35
22
26
36
35
49
34
33
54
24
33
53
38
31
28
56
33
38
60
53
38
18
25
46
42
34
42
50
52
29
29
38
31
21
42
37
49
28
27
37
49
51
39
50
53
59
36
43
43
35
47
33
23
35
36
26
26
27
28
38
43
35
30
43
32
45
47
30
27
21
41
48
35
44
31
63
22
43
40
26
46
35
32
33
34
32
26
23
42
29
31
26
48
17
55
32
45
16
30
35
32
30
23
43
20
36
29
46
29
36
32
51
22
31
33
38
26
62
22
51
40
33
39
48
41
56
35
31
71
48
35
39
34
33
33
21
31
30
36
29
32
51
44
41
27
22
28
38
26
40
27
28
45
45
51
35
41
30
43
36
53
39
53
54
41
34
41
56
44
40
38
27
30
39
36
34
39
39
42
30
36
25
57
43
32
36
65
62
34
33
37
44
36
52
33
41
47
45
26
24
48
38
55
32
38
45
30
42
23
41
32
44
29
47
27
32
25
42
36
38
53
29
49
35
41
26
73
40
33
45
29
22
45
35
40
34
19
57
55
45
23
36
65
46
49
45
47
42
36
58
46
39
44
44
27
21
31
25
41
28
66
33
29
72
38
28
40
24
32
36
34
44
27
21
22
38
47
37
48
30
43
52
34
36
33
42
41
19
60
26
31
28
32
48
29
53
35
26
30
44
56
41
39
53
29
50
36
29
47
50
31
51
33
43
35
23
22
42
64
40
25
42
51
45
49
39
54
62
31
36
38
40
30
33
36
52
33
28
31
50
55
45
25
37
64
59
27
33
21
38
37
35
28
36
29
38
43
13
58
55
49
43
49
43
50
40
49
34
36
34
46
26
52
29
42
47
36
41
46
45
38
29
44
24
32
28
76
23
24
21
34
36
48
38
34
33
76
34
48
49
37
49
20
44
41
32
32
28
25
39
34
43
40
69
60
42
35
21
34
46
42
54
77
29
39
45
46
34
42
59
60
42
22
34
46
56
63
60
57
43
41
34
31
57
34
33
39
56
33
36
34
72
22
47
19
42
43
42
35
31
40
47
42
55
45
20
59
65
49
47
28
40
46
48
32
29
57
40
29
18
59
56
33
35
44
26
47
55
49
45
53
70
47
27
19
36
24
33
53
48
61
29
34
29
48
45
27
57
50
41
34
39
32
49
63
60
30
62
50
46
51
39
33
61
34
35
30
33
38
40
40
53
19
46
37
63
58
39
39
23
65
48
26
34
35
34
33
54
41
29
58
18
43
21
43
29
21
62
41
23
31
46
34
48
32
58
36
26
48
88
51
50
33
42
35
30
42
41
29
39
47
37
48
37
53
47
25
31
69
42
26
41
52
50
42
41
38
26
36
30
52
34
29
42
44
25
36
45
47
58
47
54
45
38
16
23
50
54
46
59
34
47
22
46
81
39
31
35
37
43
52
44
17
49
43
26
33
47
53
55
27
48
46
43
28
23
25
46
49
37
59
45
67
45
37
25
28
43
35
53
81
29
50
25
24
51
36
41
57
40
23
20
50
68
37
27
55
30
38
44
42
46
69
40
21
25
28
38
38
26
25
50
33
45
78
30
45
41
30
42
57
41
32
33
38
36
43
31
47
27
30
19
30
50
34
36
40
47
49
68
59
32
48
35
38
50
51
34
38
35
60
35
60
27
45
39
37
44
36
40
45
59
46
27
44
57
24
60
30
33
67
34
50
31
53
27
39
37
32
33
29
44
21
35
48
32
40
43
62
33
46
42
67
34
70
40
36
31
55
56
51
49
38
23
27
47
45
23
37
48
26
25
45
84
34
45
36
26
50
39
35
27
54
72
36
30
38
51
27
42
42
61
57
57
60
40
42
34
31
36
25
38
52
45
33
33
36
