88
71
116
77
71
109
61
106
108
100
103
77
73
70
68
90
66
117
77
55
97
90
90
56
126
63
50
76
62
71
30
58
104
127
73
60
57
75
66
84
62
68
66
56
72
77
56
96
53
29
35
79
32
61
59
98
42
76
30
44
67
52
49
56
47
84
237
54
119
45
36
61
70
39
63
87
45
47
77
47
47
70
48
62
27
55
36
58
45
30
60
54
97
36
74
65
40
44
46
83
108
60
59
59
69
28
55
83
45
49
86
51
41
44
86
61
49
73
70
74
73
85
28
49
76
47
42
59
52
37
49
105
43
37
49
35
54
79
68
60
56
40
63
77
57
29
81
67
65
56
103
79
63
51
81
26
44
212
70
65
42
65
41
54
104
79
51
48
38
185
82
49
87
76
80
59
68
92
60
54
79
60
27
53
22
45
80
44
42
32
82
65
26
44
72
66
40
72
63
69
56
36
58
75
50
45
85
72
108
54
72
31
67
60
88
96
82
38
34
53
87
66
56
58
41
66
65
69
64
61
72
95
64
65
83
44
26
52
40
42
58
40
48
39
55
47
52
43
67
59
75
61
100
60
160
48
25
55
42
61
61
207
74
59
44
68
107
49
52
75
23
64
39
68
63
64
45
84
68
100
92
45
26
33
48
32
52
38
69
90
61
73
65
76
48
106
76
39
72
64
37
48
69
38
47
93
70
42
62
84
62
82
34
50
37
49
57
74
69
94
60
60
78
55
63
63
51
52
51
49
35
75
72
84
54
34
65
85
58
51
70
64
46
53
72
56
77
46
45
101
45
73
60
90
68
96
110
61
69
92
52
81
49
75
91
55
72
54
40
56
25
59
99
45
35
61
24
73
52
50
39
59
62
345
42
27
45
17
98
30
38
55
66
35
107
58
55
62
77
29
294
51
47
70
87
27
79
53
58
54
53
302
61
40
31
49
98
50
84
51
43
47
66
88
76
57
66
57
85
30
36
76
40
101
50
56
58
99
54
56
43
42
75
41
66
79
79
54
42
63
73
66
56
81
60
58
79
51
78
40
33
83
41
107
42
61
60
64
42
84
61
114
63
78
63
106
74
64
55
57
68
30
59
56
104
62
39
59
81
68
46
43
59
96
37
112
39
80
75
43
41
43
42
85
116
49
42
80
85
78
36
56
64
39
32
44
44
59
87
101
63
68
28
101
69
27
69
59
66
80
54
77
33
56
74
67
46
38
63
65
62
81
41
79
40
105
42
81
73
57
69
90
47
34
44
74
45
34
99
47
52
100
45
78
77
72
76
73
59
51
31
47
80
45
63
69
70
55
66
45
55
51
109
47
58
38
74
41
39
64
71
49
92
77
50
69
74
109
60
38
139
112
104
98
109
91
86
37
74
71
76
44
92
87
36
51
72
67
64
39
52
55
61
88
90
62
56
58
59
70
73
60
36
59
86
63
81
78
37
74
41
76
66
43
101
68
39
100
39
45
80
63
82
71
48
47
92
31
49
54
47
31
59
80
34
65
49
39
43
36
36
88
66
59
58
54
54
65
85
80
102
68
73
61
37
35
36
79
69
55
98
42
61
74
38
36
45
94
49
49
35
45
50
80
31
91
57
58
49
31
38
49
69
24
49
55
102
22
116
43
27
108
52
42
49
59
40
53
65
85
60
26
56
43
102
35
30
51
94
27
124
64
70
57
74
30
75
102
53
87
47
99
49
95
70
66
85
38
28
63
55
75
49
110
109
83
25
34
65
86
66
84
46
105
69
82
78
76
83
52
54
120
54
56
61
52
70
31
58
67
59
77
50
40
63
105
35
51
78
92
49
79
52
57
60
75
79
91
76
89
53
49
65
81
84
92
49
63
75
98
80
130
61
61
79
57
45
72
41
69
118
75
105
45
60
50
42
58
52
18
83
52
126
69
76
116
89
54
67
59
75
68
34
68
99
84
70
81
36
71
21
76
80
66
58
97
62
31
78
68
56
132
54
46
86
44
45
63
76
68
43
53
59
54
96
58
86
60
92
45
100
42
70
69
78
68
63
61
48
75
45
51
47
65
49
75
86
57
62
42
57
