66
160
77
50
48
80
64
41
57
63
74
27
73
125
73
63
95
56
83
71
43
262
76
75
95
79
83
43
49
74
223
73
75
45
83
45
70
52
213
46
83
52
46
40
39
67
50
52
125
69
60
39
87
92
52
42
43
84
82
175
67
57
38
48
97
77
52
68
57
43
119
43
33
70
79
61
83
33
107
68
44
56
30
85
117
37
83
105
43
66
46
35
53
184
36
97
45
29
73
266
65
34
69
60
75
79
39
77
100
65
52
74
40
58
59
11
63
66
49
54
46
52
29
76
79
44
75
59
73
47
107
71
43
29
96
64
109
46
107
50
53
70
27
66
112
47
41
85
41
105
53
75
35
74
50
107
90
52
64
87
77
60
144
113
47
46
43
64
49
183
25
97
51
41
78
81
28
36
66
78
95
94
40
30
88
52
49
50
63
44
45
55
61
65
96
267
106
108
39
228
44
72
100
49
47
70
56
52
78
79
155
59
107
64
90
130
45
49
62
74
49
81
48
99
63
43
43
42
69
58
74
91
58
95
40
89
43
59
42
63
70
92
83
128
35
49
65
139
28
100
49
183
72
45
26
31
62
95
58
42
65
75
68
52
70
108
45
82
85
111
65
51
85
94
65
143
46
54
74
36
181
103
55
50
73
43
68
96
378
81
45
170
56
59
57
48
64
39
84
96
81
54
43
71
105
51
76
111
96
61
62
64
44
21
30
71
71
85
47
49
27
34
68
26
105
39
85
58
51
75
51
46
57
70
60
49
53
29
59
58
69
137
102
87
65
36
70
61
68
58
73
39
66
44
45
98
35
76
42
32
33
24
40
24
39
39
74
102
39
53
98
62
73
86
88
78
38
60
209
36
79
61
40
96
43
71
53
75
115
78
98
39
82
67
85
59
117
46
204
31
57
83
93
57
110
65
36
64
76
34
79
40
77
62
35
26
310
107
201
91
99
57
106
68
77
55
51
41
80
35
59
220
115
85
32
39
54
92
46
151
43
84
43
78
114
32
82
129
96
45
50
46
40
74
36
68
79
74
53
55
80
74
52
56
43
145
39
71
49
44
85
85
37
74
50
40
41
58
64
42
73
58
36
67
80
57
214
68
115
53
29
22
85
55
100
78
52
69
80
42
63
46
72
71
106
102
58
37
78
54
42
100
62
68
124
61
58
49
75
96
35
56
60
75
44
121
49
49
79
84
54
158
92
58
37
62
71
98
176
82
48
50
73
125
89
40
102
93
79
31
22
39
30
41
75
54
32
178
39
64
64
52
104
134
64
58
34
42
57
51
93
40
83
109
54
94
139
45
58
61
37
166
46
83
46
85
71
63
60
87
38
48
50
51
69
69
88
44
58
58
36
53
40
50
139
56
66
99
37
54
47
48
110
40
50
49
44
19
103
46
70
51
147
79
82
48
26
60
48
109
127
75
50
32
59
199
66
71
31
89
80
69
108
65
75
94
37
30
97
17
75
114
63
58
46
157
68
75
52
74
76
50
39
75
51
43
64
124
183
61
33
56
85
75
58
18
31
132
32
35
31
50
85
36
78
56
57
36
72
95
87
36
50
35
109
26
41
93
70
75
44
33
70
91
26
63
102
216
26
96
79
184
49
82
91
94
48
68
87
74
77
86
80
53
68
40
110
33
78
235
61
39
47
83
44
72
70
81
79
67
97
210
123
91
50
60
34
60
94
27
73
63
93
77
61
32
50
34
64
25
213
108
195
44
88
52
91
80
57
45
85
39
105
81
78
42
110
91
43
49
92
52
53
44
62
63
52
29
101
86
33
65
62
65
136
58
72
44
321
67
64
37
23
64
64
29
84
35
60
41
95
42
94
28
74
79
37
210
71
100
39
71
33
78
46
60
324
47
36
22
101
62
102
67
75
56
51
54
34
56
50
47
47
28
62
91
68
35
23
57
52
44
33
85
41
83
69
66
35
68
50
32
43
69
65
54
69
41
64
44
106
54
37
46
71
26
39
103
