23
27
19
21
22
18
20
23
19
16
23
24
28
16
23
24
27
10
17
22
25
29
20
13
18
12
20
27
18
35
22
25
21
23
25
20
22
20
20
20
15
22
10
21
15
16
28
15
32
16
24
32
16
21
26
27
19
22
16
17
16
23
10
18
23
26
21
21
17
20
28
25
22
30
22
17
21
24
22
25
22
17
23
18
17
22
12
20
25
20
25
25
21
16
24
25
21
25
29
21
29
23
25
18
35
23
19
18
35
27
29
17
18
23
20
20
27
12
14
27
26
24
14
28
24
31
17
22
20
20
16
21
20
21
15
19
29
19
27
24
33
26
23
30
20
12
20
23
26
11
23
19
23
16
16
15
19
17
24
16
23
22
20
27
19
21
18
20
22
30
25
20
21
31
28
26
19
20
27
24
23
16
29
20
30
21
20
21
23
22
20
19
22
17
22
21
18
24
14
20
13
16
19
18
17
22
9
18
17
15
27
29
21
27
24
27
17
22
24
17
26
17
11
19
29
20
30
16
27
9
18
21
16
19
27
18
33
22
23
21
19
20
22
24
13
15
38
26
10
21
17
26
28
20
17
17
24
24
18
25
27
15
25
25
18
16
21
23
18
20
12
23
12
19
26
19
23
23
20
19
20
18
33
20
21
21
19
21
26
19
23
33
26
24
27
18
19
24
18
30
21
18
28
22
22
21
21
26
20
24
21
31
24
18
20
20
21
23
20
14
24
23
14
25
21
23
25
27
35
20
11
16
19
24
27
21
31
22
25
19
24
25
23
30
21
31
38
20
23
14
21
13
27
21
25
34
30
18
22
21
24
20
25
21
18
20
16
18
19
29
29
22
13
16
12
12
23
29
20
25
16
22
25
20
27
19
26
25
21
23
23
17
20
22
20
26
20
20
20
24
14
27
28
28
20
27
30
26
22
33
24
22
13
29
22
25
22
15
21
24
19
21
28
20
22
31
24
22
18
25
24
21
29
35
28
21
22
21
24
25
28
15
17
21
22
17
32
18
19
23
23
32
20
20
23
22
29
25
24
21
24
18
23
28
23
26
19
20
21
22
20
18
24
23
21
29
24
25
22
26
21
26
19
13
32
25
25
20
25
26
28
22
27
36
30
21
27
32
27
30
27
17
23
23
19
26
28
19
23
26
28
16
20
24
22
20
20
22
12
15
31
25
27
25
25
21
26
24
23
25
20
22
13
25
25
30
10
17
33
30
22
34
25
18
22
19
27
21
30
31
24
33
26
21
29
24
21
13
24
31
27
22
30
23
17
20
21
18
31
24
26
31
30
24
24
19
24
33
18
23
17
19
29
25
23
21
28
26
20
20
28
28
17
25
22
18
20
19
30
22
29
25
28
20
23
28
11
29
16
25
26
18
19
25
21
30
22
24
18
16
34
25
25
21
32
23
26
23
28
26
28
21
19
40
38
19
10
31
32
24
21
23
22
25
39
26
30
11
30
26
18
25
16
18
19
28
23
29
19
21
26
28
32
25
21
33
25
23
30
23
20
25
20
27
26
13
35
29
39
30
22
17
23
19
20
23
33
26
36
25
25
16
26
20
25
14
12
23
21
17
21
24
24
22
24
27
21
23
21
28
19
21
13
26
34
23
20
30
25
28
16
24
31
29
33
27
18
21
22
29
22
21
28
24
27
26
32
24
23
25
22
18
22
24
20
23
19
23
19
27
25
28
24
21
19
23
26
27
35
31
18
19
24
24
34
24
22
29
18
24
17
13
23
22
32
22
31
24
32
25
23
21
18
32
24
20
30
27
26
33
24
27
19
27
32
26
22
28
14
26
20
32
17
25
28
36
16
34
21
21
25
24
18
15
23
16
25
20
17
21
21
19
26
24
23
15
15
24
23
26
30
28
22
25
29
21
30
28
17
25
30
42
26
21
35
32
16
28
29
25
20
26
16
19
28
34
18
15
24
25
18
19
27
30
31
23
18
10
29
26
35
29
26
19
23
25
22
24
31
28
20
23
19
22
20
27
25
21
37
29
24
29
23
25
19
28
23
23
15
16
22
26
23
28
23
26
19
26
23
27
27
26
26
25
17
26
21
23
29
28
28
26
32
22
24
28
29
37
21
22
25
19
21
27
20
25
20
18
15
20
28
26
31
27
25
19
35
23
25
18
24
16
26
17
29
19
31
28
29
11
20
31
23
33
26
35
35
27
23
30
28
21
15
25
23
24
29
20
18
19
29
34
26
26
23
35
28
33
34
26
18
25
32
17
22
22
31
21
24
35
22
22
31
21
28
35
34
30
19
27
30
25
37
31
30
30
23
27
28
25
8
25
15
24
29
31
22
24
23
32
33
51
36
26
23
16
23
33
23
31
22
19
28
28
31
13
24
24
29
21
15
27
26
32
25
27
22
23
31
28
35
29
27
34
23
32
25
22
23
22
22
19
30
30
20
23
30
30
23
15
22
28
27
35
30
16
20
22
27
26
17
24
26
23
27
20
15
21
22
24
25
37
27
27
23
24
34
23
21
27
37
26
26
24
24
21
21
24
30
23
27
19
22
20
26
24
25
24
22
25
31
29
32
28
31
22
25
13
32
23
20
19
29
32
24
23
18
19
31
26
27
30
26
28
31
30
15
21
34
21
27
22
36
39
34
18
19
27
28
28
29
26
25
35
25
26
16
26
21
22
26
32
31
29
34
41
21
21
31
21
25
33
23
27
23
25
33
27
29
16
37
27
17
24
24
29
25
19
23
27
34
20
32
19
35
37
29
24
30
16
26
29
29
30
22
19
29
22
26
31
26
24
29
29
27
18
25
27
21
24
32
24
24
30
24
27
32
26
32
33
17
39
31
34
36
27
19
31
18
18
26
26
35
26
34
23
22
34
31
30
15
29
31
16
20
35
29
17
38
28
21
20
27
24
36
31
28
24
36
23
17
21
35
29
39
31
25
34
23
27
20
42
32
26
29
39
26
26
25
26
33
20
30
26
29
27
31
31
26
27
25
24
23
27
34
26
31
20
33
27
38
22
26
28
22
30
27
13
29
25
22
27
27
30
18
26
47
23
28
23
26
26
25
22
31
17
25
21
31
34
30
25
22
29
25
17
35
17
21
20
14
34
25
18
29
26
29
29
15
24
33
21
23
39
35
36
20
21
25
25
34
37
24
32
22
27
34
31
30
20
40
38
23
41
32
25
23
38
24
28
33
24
22
34
36
20
24
22
29
20
32
30
35
18
31
14
31
34
20
27
31
27
15
36
32
25
29
24
29
31
31
21
31
32
25
23
26
31
