70
67
69
100
133
50
214
42
26
55
79
45
84
91
49
34
51
88
29
50
59
95
48
79
49
93
29
50
112
55
47
24
50
89
37
79
100
84
44
54
32
92
64
25
60
59
116
117
216
28
42
68
73
78
76
109
59
34
83
62
310
47
48
66
62
71
40
27
58
50
54
44
50
343
81
43
182
71
143
118
60
86
91
109
59
57
58
52
109
55
30
39
57
150
86
80
181
66
63
101
52
78
89
61
118
252
78
88
68
110
29
36
175
115
65
74
63
51
75
65
183
81
88
129
58
332
102
42
159
60
29
34
79
66
39
244
48
39
61
60
82
31
38
59
32
56
123
64
55
60
42
55
66
112
99
20
77
74
78
64
57
94
62
67
63
58
26
59
29
38
136
60
72
54
107
39
59
45
52
83
87
42
62
42
77
207
25
89
33
50
26
64
238
286
80
38
43
48
88
50
65
68
141
103
56
49
29
101
71
39
139
127
72
66
62
73
102
26
91
50
110
41
81
81
95
42
102
40
231
39
24
100
33
28
40
49
39
100
34
38
70
36
36
36
74
43
20
350
122
119
68
61
48
33
33
51
21
55
75
79
51
87
50
47
54
53
80
44
52
45
54
78
60
294
48
39
100
84
69
81
79
99
73
24
44
54
93
52
75
47
41
29
77
31
45
60
93
94
40
81
58
238
78
31
54
39
54
40
237
38
68
72
43
47
51
75
67
56
42
119
93
31
37
88
52
71
63
32
57
69
323
135
34
81
134
58
62
54
53
30
68
51
64
61
99
113
63
43
93
58
66
46
54
51
51
75
29
58
51
48
36
63
118
36
59
38
16
88
110
93
96
84
78
45
87
70
57
40
33
45
33
219
64
97
151
37
72
90
56
38
166
31
62
86
49
81
53
55
48
48
37
60
81
100
77
50
51
94
67
74
29
67
42
57
84
19
54
85
38
76
80
52
41
47
54
25
28
32
84
31
92
38
48
48
33
81
92
37
100
53
43
219
53
57
27
57
76
40
54
218
78
126
275
64
92
77
90
36
102
87
28
110
108
33
111
252
37
85
21
63
48
229
36
43
34
72
30
118
41
58
55
40
44
70
73
39
74
123
43
114
66
33
56
38
50
49
85
61
131
59
61
90
64
71
52
62
275
89
85
118
97
122
85
99
75
41
117
97
35
316
191
48
47
70
75
61
72
58
57
76
48
74
40
381
64
306
48
69
63
181
54
57
49
68
22
49
49
86
41
52
46
247
45
57
84
72
77
75
74
371
92
57
39
73
45
87
47
49
54
81
88
43
38
27
65
80
30
66
36
45
33
44
302
80
151
62
52
33
35
41
59
111
225
67
100
59
63
72
101
57
70
63
44
47
56
72
88
42
94
58
79
46
41
28
51
91
72
73
237
328
114
90
37
63
44
46
33
17
377
35
61
69
31
112
65
44
61
40
31
86
44
34
20
89
51
36
86
58
106
83
42
31
226
116
54
66
49
45
47
53
34
59
85
76
228
112
52
104
49
80
88
32
47
82
55
65
70
91
30
58
58
54
49
71
67
42
45
115
316
73
29
138
91
27
60
60
45
50
56
86
80
28
51
62
111
42
44
64
37
65
78
57
52
68
94
99
59
85
79
55
47
55
63
54
107
65
71
61
62
52
58
84
31
59
63
65
42
64
58
259
82
79
268
41
40
43
57
79
53
66
53
83
84
66
73
31
45
45
63
71
110
59
252
40
60
68
140
71
61
158
81
61
115
34
68
52
38
85
151
57
76
73
56
79
250
99
48
29
54
56
53
56
61
64
26
101
53
45
77
80
44
42
35
166
29
58
116
48
202
51
54
22
50
31
14
47
58
40
32
27
47
32
213
46
62
77
106
31
67
43
53
56
63
89
80
70
31
69
46
44
30
82
57
57
59
69
43
63
48
57
91
54
56
41
56
87
61
53
78
64
68
41
85
63
52
39
99
88
121
51
65
53
62
109
24
77
69
52
65
87
283
69
50
