17
24
18
32
22
10
16
19
19
20
18
21
15
20
19
9
19
24
16
23
20
18
16
20
21
12
13
18
25
19
15
20
19
15
18
21
11
22
18
14
23
12
22
13
12
20
24
17
27
23
20
20
18
13
9
21
18
20
17
20
19
14
15
22
26
13
21
17
18
19
21
14
27
14
25
19
24
24
15
18
20
12
19
20
22
17
10
31
20
15
24
20
24
17
22
16
28
27
23
22
21
22
18
27
22
24
24
26
21
18
15
16
15
17
25
23
22
21
21
18
20
16
25
20
22
26
22
23
20
17
19
13
13
20
13
15
13
26
19
18
21
21
10
20
21
17
20
21
15
31
18
21
22
15
19
14
22
27
14
19
12
26
17
16
22
19
18
20
17
18
21
14
19
27
16
29
18
14
19
28
18
14
20
22
19
26
21
15
20
26
17
12
20
20
20
26
24
18
21
15
17
26
19
16
21
19
19
20
17
20
17
21
20
17
20
27
22
21
19
27
19
18
35
21
20
18
18
21
13
22
15
16
19
24
23
10
10
14
13
26
20
24
18
25
17
10
19
15
21
16
22
15
21
21
17
21
31
26
24
19
28
16
27
18
25
20
8
23
17
10
21
24
20
16
25
24
16
16
20
21
23
22
23
17
22
18
18
14
13
19
31
21
22
19
18
28
15
16
18
21
18
17
19
19
22
9
19
8
20
23
17
14
24
15
30
23
20
18
21
20
25
21
24
15
16
18
15
22
19
23
18
27
21
22
19
25
16
9
17
17
12
18
15
14
21
15
23
18
21
15
10
20
27
10
16
21
18
19
26
25
21
19
21
18
16
19
18
19
20
19
19
21
20
18
20
16
20
26
15
20
16
21
17
20
21
20
16
23
26
18
20
24
12
12
23
20
20
13
19
18
29
19
19
18
26
26
15
22
22
17
26
14
21
21
16
20
13
22
26
8
15
14
13
13
18
25
12
18
18
21
21
11
6
23
10
27
20
15
21
15
19
18
14
18
7
20
23
12
17
16
22
22
14
30
20
14
23
15
19
23
28
21
21
20
29
20
10
19
21
23
25
18
17
23
14
20
19
17
23
21
24
19
19
16
18
16
18
20
25
27
28
20
15
24
15
20
19
15
23
22
15
24
19
23
28
20
18
25
20
23
13
16
19
26
4
33
15
12
20
20
24
25
18
21
18
16
13
14
14
16
21
17
21
21
19
21
18
19
22
25
22
19
26
12
16
20
7
13
14
31
30
22
20
22
16
20
24
20
21
13
24
18
18
19
20
24
18
20
22
28
14
24
14
18
18
18
17
14
20
16
17
20
20
20
27
16
24
20
26
18
17
23
21
22
27
22
18
15
12
23
20
18
21
21
6
15
22
17
24
11
13
22
21
16
25
27
20
14
25
21
22
17
16
17
19
22
28
23
14
20
25
18
17
20
16
22
27
23
27
21
22
22
24
15
27
19
19
25
21
18
13
15
24
27
22
23
26
24
13
18
12
16
21
17
18
14
15
22
25
11
13
26
24
12
22
14
19
21
16
17
23
26
7
18
8
12
14
21
15
23
17
19
22
21
13
24
13
16
20
21
12
13
20
25
23
18
13
13
12
21
19
27
16
21
20
20
19
9
10
26
17
18
17
20
14
24
15
16
10
19
25
14
20
14
13
14
28
13
17
15
11
22
20
23
16
26
16
14
15
18
20
22
20
18
14
19
19
19
23
23
15
21
7
24
13
25
20
15
23
13
18
17
27
5
21
13
16
20
19
15
21
20
15
21
23
11
19
24
24
17
21
10
14
20
20
19
16
19
24
21
27
19
23
25
22
25
18
23
17
30
14
21
11
15
12
16
20
20
12
27
14
22
20
19
20
21
20
17
7
22
20
17
22
14
21
21
15
30
24
19
21
24
25
17
29
20
24
25
22
25
27
24
22
27
22
23
20
19
27
30
22
26
16
20
16
14
25
27
22
20
20
25
22
6
13
24
20
20
22
18
12
16
24
19
21
20
18
21
13
21
13
20
31
22
8
20
12
20
19
15
24
21
30
19
25
23
26
26
23
21
21
12
15
17
19
22
10
24
10
23
15
14
27
8
26
17
21
21
14
19
25
23
20
16
22
22
23
11
12
21
10
10
30
21
15
21
17
21
25
26
22
20
18
16
17
21
14
22
19
26
21
22
21
16
19
21
22
26
22
24
18
27
25
12
28
24
19
18
18
25
16
26
19
23
11
20
15
14
9
25
20
24
14
21
11
18
20
15
19
22
29
6
15
16
13
19
15
21
19
26
27
24
19
17
36
15
24
22
20
22
20
22
25
24
7
19
20
13
21
11
19
32
15
19
18
21
11
21
24
7
16
20
22
24
23
26
27
20
25
32
11
17
21
17
19
15
23
22
21
22
12
22
16
9
9
6
17
25
15
25
25
14
15
10
20
18
19
23
15
18
29
16
22
14
18
18
22
9
18
25
25
21
20
17
14
26
18
12
20
15
22
22
24
25
11
16
26
22
17
16
14
21
18
20
16
24
26
22
21
21
16
27
27
19
19
24
23
19
11
27
20
19
26
23
18
34
21
23
7
19
15
22
22
28
17
19
20
15
27
24
16
11
26
21
13
21
16
19
20
16
19
23
18
22
21
26
21
8
18
20
24
20
25
22
22
18
22
21
12
18
29
15
23
15
18
22
22
21
14
20
20
20
23
9
24
25
24
31
20
24
20
7
20
20
28
19
20
19
21
20
20
24
19
22
19
21
18
21
25
19
19
25
17
21
19
29
29
19
26
26
16
24
10
27
16
28
22
23
8
19
17
21
21
27
23
24
23
17
18
24
24
25
14
20
23
20
19
7
14
19
23
21
26
26
23
24
28
23
28
8
27
23
25
22
22
22
17
24
26
16
24
14
19
25
21
12
20
19
22
16
30
26
21
25
31
27
16
20
26
21
24
19
13
9
24
22
11
15
18
16
15
16
28
19
21
30
17
11
19
23
26
17
21
8
15
23
25
16
25
20
26
16
26
23
21
21
15
8
18
16
13
36
17
21
19
11
30
21
14
25
25
20
29
24
22
19
17
25
9
17
32
5
26
13
19
21
21
22
22
13
19
24
15
20
23
29
24
17
20
25
20
22
19
28
15
17
15
29
26
22
25
14
24
11
26
27
24
18
22
26
21
29
22
25
22
19
14
22
24
24
22
31
30
21
14
16
24
18
20
22
27
23
24
15
25
22
22
22
22
29
25
22
20
10
22
20
23
28
21
23
17
18
10
23
22
25
22
27
21
25
18
23
21
20
21
15
31
26
19
23
18
17
23
13
12
16
26
16
17
21
26
25
28
30
19
25
19
18
24
21
23
20
21
34
22
19
25
24
16
12
16
22
21
17
24
28
24
16
10
27
24
24
25
18
21
11
14
24
26
27
23
20
26
13
20
25
25
26
27
22
25
17
17
25
26
15
26
18
11
23
20
26
30
14
17
21
26
25
19
20
18
22
16
22
34
26
21
21
22
9
28
28
21
26
18
21
21
27
25
22
19
27
33
33
25
20
21
30
22
22
27
22
19
18
24
19
29
22
11
22
27
20
26
24
21
22
31
22
23
31
21
29
18
27
30
20
15
20
21
16
26
21
22
32
24
18
22
24
33
23
26
24
22
26
21
27
16
31
16
17
22
30
19
30
21
22
16
13
26
27
24
18
18
23
11
23
24
32
23
22
16
29
19
19
25
21
23
20
29
22
20
17
27
28
17
39
20
29
25
25
27
28
18
27
15
28
20
25
18
24
27
23
19
24
25
21
12
23
23
25
19
16
24
19
27
21
7
