43
45
47
30
46
35
36
33
46
57
31
31
40
50
41
38
47
41
31
55
47
53
41
21
55
55
40
48
55
33
27
51
24
50
50
33
47
27
19
40
42
60
60
39
23
30
22
30
31
50
60
16
36
26
88
41
45
69
38
42
41
37
52
64
29
60
51
25
66
42
35
32
35
33
24
39
24
49
57
36
48
30
70
51
47
70
49
53
72
66
45
46
39
96
37
37
73
30
43
46
38
36
30
50
46
48
58
33
79
39
25
21
44
69
61
49
38
19
33
75
45
40
36
53
37
52
44
52
45
58
28
47
37
52
45
43
37
39
24
56
44
39
36
52
49
52
57
42
39
57
45
68
61
55
26
42
41
37
43
25
72
41
39
45
72
85
24
52
82
82
45
41
36
42
44
33
39
35
46
49
50
57
48
49
67
53
29
26
32
54
31
49
44
25
43
56
38
48
40
42
47
33
46
46
51
53
49
50
38
31
56
35
34
38
22
74
41
41
56
52
45
42
39
48
21
66
52
32
28
52
74
50
35
52
29
28
50
64
42
54
51
47
49
45
96
63
48
54
39
57
39
70
33
66
79
46
55
64
51
60
58
57
68
54
43
37
49
17
36
50
55
45
46
61
30
62
58
48
56
50
34
41
47
45
71
59
65
37
62
36
20
24
71
46
41
31
35
54
61
41
32
38
60
58
34
61
53
41
44
50
48
63
34
57
55
64
79
48
50
52
60
18
79
48
73
40
72
53
15
31
50
42
60
37
46
52
20
42
33
54
53
51
52
57
38
65
40
57
51
44
42
70
46
34
28
21
45
92
46
38
50
42
57
50
40
63
29
60
21
45
38
30
99
72
49
37
57
89
42
49
94
48
42
52
30
65
37
45
50
50
52
52
42
33
46
48
81
54
33
60
40
51
55
40
32
60
64
43
33
79
37
46
72
85
44
67
36
35
53
46
44
93
52
48
28
60
61
45
24
56
67
26
66
64
65
56
39
38
46
75
82
28
33
32
55
59
64
55
53
46
51
31
33
60
62
43
56
72
34
73
69
69
29
55
50
56
44
42
53
80
49
50
62
52
52
65
48
42
37
52
59
19
77
58
48
40
48
41
45
44
44
61
55
63
60
41
70
28
56
38
41
32
48
46
42
76
83
25
38
106
68
43
39
37
71
56
90
37
60
33
64
52
24
40
56
79
36
46
47
29
30
50
21
52
68
35
48
40
22
23
47
41
33
48
40
39
32
46
68
52
44
38
35
54
64
50
37
54
48
78
49
47
77
60
68
45
34
39
80
55
54
60
48
59
43
62
41
37
81
68
65
46
36
54
91
41
62
70
50
44
46
52
60
45
64
59
40
45
47
39
60
31
65
41
57
65
25
73
34
116
55
63
61
47
68
62
94
52
64
42
49
29
86
30
59
58
72
47
51
38
35
77
59
61
66
55
38
34
36
54
63
28
66
52
28
40
61
46
44
44
43
34
62
64
67
52
41
61
60
48
37
43
64
26
71
23
60
52
52
65
80
36
53
67
39
35
35
51
58
61
56
41
63
48
38
29
66
34
31
44
55
55
33
58
38
55
57
46
76
31
65
46
34
51
63
46
52
33
43
20
42
48
25
60
48
56
63
77
73
47
76
25
21
61
54
15
65
78
21
30
55
99
91
69
37
45
46
54
51
57
33
67
29
52
61
55
56
61
41
41
41
53
52
45
74
48
74
70
90
49
39
45
54
46
54
54
46
34
68
34
37
65
68
51
50
41
22
58
51
39
45
52
77
33
42
39
37
22
41
46
66
71
61
75
52
39
61
42
71
54
42
57
52
46
61
62
54
55
61
46
48
42
105
58
79
59
55
54
42
55
23
57
51
38
85
63
44
92
45
59
74
67
56
54
32
43
51
28
48
40
30
30
72
47
78
31
60
80
84
48
35
66
38
80
22
38
31
64
67
48
70
63
20
60
66
64
88
52
49
41
24
75
104
84
75
30
44
65
58
66
63
36
45
63
22
45
43
67
38
48
49
49
47
41
53
83
63
74
41
79
32
29
81
49
87
41
55
20
75
63
23
52
53
43
49
31
24
56
39
23
47
29
45
62
60
43
81
52
38
44
42
28
29
69
42
56
77
40
59
32
43
38
84
