38
37
30
25
22
26
45
36
27
35
19
39
31
22
60
30
28
28
37
33
21
18
38
47
32
27
26
37
32
26
24
28
42
27
36
23
25
29
42
34
33
38
20
32
28
38
21
26
30
38
44
29
38
43
44
71
23
19
30
15
30
34
19
28
24
38
27
56
29
31
27
37
28
41
38
33
26
40
37
38
31
20
37
46
27
34
31
40
37
18
36
34
42
28
42
38
28
18
41
26
27
30
28
37
31
22
56
62
32
51
47
28
47
24
23
62
23
29
37
34
32
21
38
26
31
44
22
29
23
26
27
32
25
22
44
32
41
16
20
29
28
50
26
44
51
21
28
19
32
37
36
34
21
29
30
29
32
55
35
44
34
39
27
27
28
36
30
34
38
55
10
35
37
34
24
32
43
26
24
42
28
34
28
32
34
22
24
35
22
33
33
33
37
36
35
45
25
37
42
32
40
33
23
38
22
32
49
38
27
28
32
34
28
25
23
28
24
59
34
23
22
40
26
27
31
26
32
41
30
29
38
40
38
38
41
35
22
40
21
25
30
25
32
21
43
35
45
54
31
36
36
29
35
29
46
28
27
37
36
23
24
25
25
21
50
33
26
41
32
48
30
39
21
31
26
30
36
34
21
45
24
34
35
33
23
38
38
33
24
42
36
22
31
32
39
43
20
25
33
34
29
38
46
34
23
38
24
34
26
23
48
25
28
49
41
13
35
35
22
39
40
42
39
42
38
19
41
30
19
47
30
27
32
38
34
38
22
46
40
38
26
18
31
24
34
42
40
51
44
32
34
15
35
27
40
30
46
27
36
34
41
45
33
26
35
32
31
44
38
37
37
43
34
46
36
35
39
27
28
22
27
25
30
40
21
38
42
55
25
30
28
36
27
36
38
33
41
26
27
26
22
38
37
27
60
38
21
40
33
40
22
20
28
38
48
23
26
41
43
38
31
45
33
18
25
41
32
20
35
29
28
36
39
33
22
36
27
28
24
40
17
38
25
25
31
44
48
23
35
27
23
31
38
36
35
40
28
29
28
30
22
29
34
18
37
45
42
38
54
23
38
29
31
29
40
60
29
37
28
29
25
27
31
43
39
40
50
36
56
27
27
38
53
24
34
30
28
30
43
32
32
46
33
29
48
20
39
25
28
29
24
59
32
18
27
28
23
36
34
22
33
31
38
35
43
29
21
30
23
34
52
44
33
30
27
36
57
26
25
35
36
40
46
44
51
30
27
35
25
36
37
22
53
38
24
38
46
32
30
30
20
38
31
20
23
41
29
43
46
39
41
30
27
28
34
35
61
23
31
68
28
36
36
27
41
28
30
30
34
39
37
28
21
38
26
44
25
31
30
25
29
41
29
46
49
35
21
42
32
24
33
29
44
23
37
55
30
27
29
29
25
39
46
57
36
41
34
34
42
39
42
34
39
31
42
50
33
28
29
48
43
37
23
37
40
33
34
26
27
30
37
43
42
24
19
48
29
31
60
28
45
38
40
46
21
42
48
48
51
51
45
30
51
31
49
38
32
32
27
37
49
37
35
25
40
35
45
53
43
26
42
41
41
24
31
25
34
42
34
51
33
26
34
31
37
38
28
34
22
41
56
36
30
39
32
48
30
28
34
50
37
34
30
59
27
32
43
26
26
39
23
24
50
42
40
27
28
47
21
32
31
30
42
56
27
31
44
43
33
26
31
24
29
30
35
32
41
41
38
23
35
32
41
57
44
18
28
34
21
20
41
33
29
44
28
37
34
20
38
32
29
35
43
27
51
35
52
33
29
43
34
31
23
34
50
42
40
39
54
27
54
25
39
32
48
33
27
38
46
30
25
33
31
41
60
30
27
32
43
41
45
28
26
33
35
38
25
23
36
34
43
31
32
42
52
29
38
31
21
36
37
36
52
37
30
40
33
27
32
35
42
24
39
25
16
38
26
41
27
42
47
36
35
24
33
19
27
58
38
30
32
24
26
32
28
37
35
31
38
45
22
14
33
43
30
24
22
37
27
45
47
56
28
28
24
35
30
39
29
26
35
39
46
31
40
53
55
27
35
34
44
32
37
43
19
19
30
29
36
35
41
23
26
23
35
42
42
20
32
34
34
32
40
41
28
25
45
32
48
36
15
53
23
47
16
43
36
51
38
40
31
34
29
25
16
27
39
35
38
25
27
32
49
60
30
36
20
39
42
44
32
30
24
25
34
39
34
46
45
29
43
28
32
42
35
36
44
41
36
50
26
29
32
27
49
24
36
32
37
44
35
45
37
31
27
24
18
54
35
39
50
39
26
38
52
36
43
23
58
22
39
50
50
52
45
21
34
35
36
23
26
37
55
48
59
60
28
24
34
35
62
51
28
33
40
50
39
38
37
17
26
32
28
36
22
21
18
35
40
41
34
40
30
33
37
36
46
31
47
35
43
36
25
53
27
41
22
42
35
71
38
27
29
49
30
46
31
33
39
30
26
36
42
48
27
32
29
29
50
47
29
16
43
40
32
30
44
33
38
37
31
32
25
54
35
50
44
38
25
44
37
26
41
31
25
64
43
40
26
47
26
41
38
39
25
29
51
23
20
32
45
83
32
49
27
34
65
39
57
51
28
27
33
27
39
30
52
24
26
37
37
32
23
33
30
28
49
36
27
25
42
35
36
41
41
57
44
30
29
26
47
25
24
51
35
50
27
36
48
17
28
53
51
64
25
51
32
39
28
40
51
37
34
34
