50
62
66
64
55
82
86
48
43
49
81
80
71
53
71
77
69
35
44
48
70
60
48
44
89
27
42
40
47
25
60
30
72
43
35
77
37
27
39
35
49
56
100
58
46
60
49
101
58
71
35
65
68
70
61
107
35
61
52
68
43
56
76
46
66
34
30
75
48
56
54
62
54
84
91
46
83
82
49
51
105
51
48
55
54
46
55
87
19
66
33
26
46
32
72
42
59
49
75
84
39
55
64
16
57
56
38
102
66
59
49
71
93
42
47
37
56
59
52
63
78
61
47
70
53
55
44
37
77
53
75
72
64
58
32
35
30
71
33
84
46
82
50
46
108
57
51
76
57
52
53
90
50
46
53
39
42
58
58
74
71
47
45
44
53
64
50
46
41
95
60
76
41
55
52
62
73
80
64
64
61
63
51
48
56
73
54
94
92
52
78
59
39
58
96
43
53
62
88
63
61
80
51
54
50
58
45
27
53
75
62
21
38
59
71
65
61
43
59
26
47
54
38
66
53
26
34
63
43
68
76
37
35
61
34
74
40
41
35
37
80
51
50
60
52
49
58
74
47
47
55
63
43
34
99
37
95
55
63
75
60
30
49
86
64
51
55
41
70
101
34
64
60
67
52
69
67
35
95
53
47
41
44
58
37
53
43
50
72
66
43
32
42
85
64
36
88
62
81
101
69
46
87
72
58
31
46
68
68
68
52
62
59
58
92
54
63
35
81
41
61
39
29
40
19
41
51
67
76
47
45
46
60
65
131
43
38
59
82
73
46
51
77
60
40
28
23
53
61
42
55
100
51
85
36
57
37
62
65
97
92
78
48
53
56
55
54
57
83
64
92
62
32
69
28
68
57
63
84
108
72
59
62
49
54
58
41
51
55
63
90
79
42
72
53
82
40
61
40
25
57
69
28
56
96
43
65
88
71
35
53
38
34
97
64
74
43
57
55
48
30
80
68
52
106
41
69
42
64
85
27
51
67
68
49
31
76
66
58
70
45
38
28
45
59
34
32
61
63
76
67
41
66
44
100
62
39
29
50
41
46
43
59
42
27
84
56
65
47
89
34
53
57
62
51
49
47
47
51
38
49
37
59
57
63
40
85
52
29
79
54
42
36
74
84
80
55
44
61
55
82
75
35
68
48
79
41
62
57
47
53
68
81
46
80
81
59
60
36
56
43
47
29
68
47
80
47
92
52
70
50
48
72
82
36
64
44
76
50
38
45
79
33
67
56
105
48
71
67
68
179
70
59
73
66
52
52
87
54
40
84
92
40
64
46
82
65
46
40
74
63
60
63
58
58
39
76
55
43
44
50
29
81
63
58
53
62
44
67
77
45
45
77
54
54
62
49
87
97
58
48
94
68
254
44
39
58
42
60
50
41
52
61
83
76
77
47
56
52
56
56
65
43
49
76
54
63
79
67
78
50
30
45
63
49
51
50
37
82
96
62
45
59
64
42
70
87
44
55
42
51
46
71
54
37
73
34
60
314
37
74
46
69
40
36
38
42
84
39
69
61
48
38
43
66
56
86
59
53
75
68
40
70
80
44
33
90
30
75
52
56
85
68
49
31
49
28
55
48
47
71
38
75
56
93
89
64
47
63
70
33
73
97
26
57
55
67
72
75
38
93
48
58
107
89
81
31
85
68
66
47
52
79
70
74
60
69
42
53
78
89
62
101
48
66
40
62
80
38
73
69
51
71
66
89
59
48
59
32
57
107
53
56
53
56
54
74
61
70
46
75
40
68
46
69
107
104
62
25
51
105
29
48
66
143
80
52
28
46
33
29
76
42
91
36
60
52
135
53
57
100
35
62
92
49
85
53
50
38
52
96
54
53
59
66
45
69
50
68
33
75
75
44
55
61
76
48
56
28
86
60
51
66
59
71
76
41
56
67
62
38
63
49
80
40
63
56
67
44
59
42
90
43
47
42
46
61
50
52
59
44
62
50
62
27
53
74
56
61
39
62
62
65
41
50
84
49
87
20
30
89
73
41
62
63
