-10
-11
-1
1
-12
-4
-2
-3
-3
-8
1
-7
-2
-8
-4
-8
-4
-8
-8
-8
-8
-7
-9
-7
-2
-6
4
-11
-12
-3
-4
4
-1
-12
-6
3
-8
-9
-9
5
-1
-6
-3
1
-7
-1
-4
-9
-4
-4
-11
-5
-3
1
-9
-5
-9
5
-4
-12
-10
-3
8
-2
-9
-3
3
-3
-5
11
-2
-6
-2
-8
-10
3
-1
-11
-10
-2
1
-9
-9
1
-6
-11
-5
-3
-6
6
-11
1
-1
-4
-3
7
13
3
-5
4
-4
-6
5
-4
3
3
-4
5
-9
3
-4
-4
13
1
-5
2
-3
-5
-3
6
-2
-1
-8
1
-9
-6
8
-6
-5
-5
3
5
-10
-3
-7
5
-2
-14
-2
6
4
1
-3
-6
-6
-1
-2
-5
-1
-1
11
4
-2
4
-9
1
11
-10
8
7
-4
14
12
2
-2
-4
-7
-2
-5
5
-3
4
-8
8
-2
11
14
-5
11
-1
2
2
13
-11
8
-3
-7
1
-4
9
11
-7
-5
10
12
2
-6
4
5
-2
4
9
4
-1
-1
-5
1
4
1
5
9
12
2
6
-2
8
10
12
-9
2
12
-10
14
-3
10
7
-5
7
10
6
-3
-6
8
8
8
15
6
4
8
-2
4
11
12
6
3
8
6
8
7
10
2
8
4
2
11
6
-3
2
2
7
-2
4
-2
12
-4
6
5
4
6
5
7
3
13
5
12
9
14
-2
12
3
7
1
2
1
13
16
15
-2
11
4
12
6
20
14
7
6
11
13
2
-1
11
