-1
-11
-16
-16
-15
-16
-13
-14
-5
-15
-13
-14
-17
-12
-11
-19
-18
-13
-13
-17
-11
-6
-10
-6
-9
-15
-13
-14
-13
-15
-7
-11
-13
-9
-19
-7
-9
-11
-17
-10
-10
-14
-14
-15
-13
-12
-10
-14
-10
-13
-14
-13
-11
-12
-13
-16
-14
-7
-13
-7
-11
-10
-12
-11
-13
-14
-16
-14
-10
-2
-17
-6
-9
-14
-13
-10
-8
-12
-9
-11
-12
-15
-16
-16
-12
-13
-10
-11
-9
-11
-11
-10
-7
-13
-14
-5
-15
-15
-14
-13
-13
-14
-10
-10
-15
-8
-15
-14
-12
-16
-13
-14
-15
-5
-14
-8
-12
-10
-13
-13
-16
-10
-13
-14
-8
-8
-6
-7
-15
-11
-11
-12
-9
-9
-12
-11
-14
-14
-14
-6
-10
-9
-15
-8
-10
-1
-16
-8
-11
-11
-12
-10
-16
-8
-13
-12
-10
-7
-16
-15
-2
-9
-9
-9
-9
-10
-13
-12
-10
-8
-16
-16
-11
-11
-12
-11
-18
-10
-6
-10
-12
-15
-13
-10
-11
-9
-11
-14
-8
-11
-14
-12
-7
-4
-10
-10
-18
-10
-14
-11
-12
-8
-12
-12
-11
-12
-15
-13
-13
-10
-17
-13
-11
-7
-10
-9
-14
-8
-15
-15
-12
-10
-11
-9
-19
-10
-10
-13
-9
-14
-5
-8
-13
-17
-13
-11
-12
-18
-9
-10
-5
-15
2
-13
-5
-13
-3
-16
-13
-12
-14
-15
-12
-7
-13
-13
-7
-11
-12
-8
-8
-13
-11
-10
-11
-8
-13
-13
-14
-10
-11
-14
-12
-11
-12
-17
-12
-12
-7
-10
-15
-11
-8
-6
-10
-10
-14
-14
-13
-14
-7
-10
-8
-16
-9
-8
-4
-11
-8
-9
-10
-10
-12
-9
-9
-7
-9
-15
-15
-4
-6
-3
-14
-11
-7
