-8
3
8
4
10
6
8
1
9
10
10
-2
7
5
14
-4
-10
-7
-4
1
15
-2
6
4
13
12
10
9
15
-2
8
12
12
7
8
12
8
12
8
6
6
9
14
1
5
4
-2
10
3
7
10
10
6
17
-5
-7
1
1
-4
7
8
4
15
-12
12
7
6
5
7
10
13
21
18
-11
11
-3
14
1
3
18
11
2
9
-5
11
12
3
-1
5
17
7
15
12
10
9
9
11
4
9
12
16
9
12
9
14
-6
4
-3
-4
-3
3
9
9
17
17
-3
2
1
2
12
9
-5
19
-3
-4
-7
10
3
13
9
8
15
7
10
11
7
12
6
14
10
5
5
7
5
10
17
6
11
9
8
7
1
7
8
6
8
8
-1
-4
9
1
13
6
2
9
3
10
14
15
17
4
4
13
9
5
17
9
9
8
11
4
8
4
8
6
3
1
17
12
13
4
-8
9
8
6
-9
13
5
8
7
2
11
3
14
1
3
15
8
3
1
11
8
-6
7
3
-4
-2
-2
6
10
12
-3
15
1
12
10
7
2
1
6
15
8
5
5
7
7
9
2
6
7
14
10
3
2
10
21
13
11
14
6
1
8
8
12
8
3
17
1
7
-2
-6
-3
-11
6
-5
11
10
7
14
6
-2
8
7
7
1
13
-5
7
16
6
2
-1
16
2
5
-4
2
5
-3
2
5
4
8
17
2
8
14
10
15
5
4
8
6
2
5
11
8
7
14
17
-6
8
-1
10
8
12
4
15
10
11
12
10
1
1
-2
-5
2
8
7
12
6
2
8
3
8
19
7
4
2
-7
