-13
-17
-15
-8
-16
-17
-18
-16
-20
-19
-19
-20
-16
-17
-16
-18
-13
-14
-18
-15
-17
-18
-15
-17
-17
-14
-16
-15
-16
-16
-15
-17
-12
-15
-16
-15
-13
-17
-18
-15
-18
-16
-16
-17
-17
-17
-18
-19
-19
-14
-18
-18
-15
-16
-16
-17
-17
-19
-15
-16
-12
-18
-15
-17
-18
-14
-15
-14
-18
-15
-15
-19
-17
-13
-16
-16
-19
-20
-16
-16
-16
-10
-21
-16
-16
-16
-19
-16
-17
-12
-17
-15
-16
-17
-14
-20
-17
-20
-18
-18
-19
-16
-14
-19
-20
-17
-19
-17
-19
-17
-18
-15
-19
-11
-17
-17
-18
-15
-18
-19
-19
-20
-13
-20
-20
-13
-16
-17
-19
-13
-18
-14
-15
-17
-17
-16
-17
-15
-18
-19
-15
-17
-20
-17
-17
-10
-17
-15
-17
-10
-18
-15
-17
-17
-14
-19
-12
-13
-9
-13
-14
-18
-17
-16
-18
-16
-18
-18
-14
-16
-16
-17
-16
-21
-15
-15
-19
-15
-15
-14
-19
-18
-17
-18
-17
-15
-19
-20
-19
-19
-19
-14
-16
-15
-17
-17
-15
-19
-15
-16
-19
-16
-16
-20
-17
-17
-17
-17
-17
-16
-15
-19
-19
-20
-19
-17
-16
-18
-16
-15
-13
-16
-18
-12
-18
-13
-16
-18
-16
-17
-16
-19
-15
-19
-17
-16
-18
-18
-16
-18
-19
-19
-14
-18
-13
-17
-15
-18
-15
-19
-16
-18
-16
-19
-16
-19
-20
-20
-18
-16
-19
-15
-17
-14
-15
-17
-15
-15
-16
-18
-17
-12
-14
-16
-19
-18
-20
-16
-17
-21
-21
-16
-17
-14
-17
-17
-16
-18
-18
-11
-19
-19
-14
-17
-15
-20
-20
-17
-11
-20
-18
-18
-18
-15
-19
-18
-19
-16
-17
-20
-18
-19
-20
-19
-18
-15
-17
-15
-18
-18
-14
-17
-16
-16
-19
-17
-18
-17
-17
-17
-15
-16
-20
-14
-17
-14
-19
-18
-17
-18
-16
-16
-16
-13
-13
-17
-18
-19
-16
-15
-16
-18
-18
-19
-17
-18
-15
-18
-17
-18
-19
-19
-21
-21
-19
-15
-18
-15
-17
-15
-20
-17
-19
-19
-16
-17
-17
-18
-17
-19
-20
-13
-20
-16
-17
-16
-19
-16
-17
-17
-17
-18
-18
-19
-17
-19
-16
-19
-16
-14
-17
-13
-18
-17
-18
-15
-17
-16
-16
-16
-20
-18
-18
-19
-18
-14
-16
-19
-16
-19
-18
-18
-14
-20
-18
-18
-14
