7
-1
9
-4
6
2
14
4
8
3
11
5
14
-9
10
2
-5
7
6
3
11
4
1
-1
7
-3
-4
5
2
-3
14
7
-4
5
-2
8
8
-7
1
3
9
-4
8
6
-8
9
7
4
5
1
-4
-8
2
5
6
1
4
-1
9
-4
7
-13
15
-7
13
2
11
-1
-11
-5
-6
1
5
-3
-5
6
5
-4
-5
-8
8
5
9
-9
2
4
4
6
-2
7
-7
9
9
1
12
7
3
-10
-3
2
6
-4
-1
11
5
-6
7
-4
6
6
5
8
8
-8
1
1
-7
4
2
4
-8
4
20
-1
6
5
-7
2
1
7
3
-6
7
8
5
10
1
4
5
11
-9
3
-4
3
5
5
6
11
8
2
4
13
3
11
12
1
-6
9
8
11
12
14
6
7
14
1
15
2
14
10
7
-3
20
-6
12
3
1
4
1
4
6
-2
13
13
5
7
-12
3
-3
-6
16
-14
2
4
-4
17
3
5
-5
-9
15
15
3
9
-5
-10
2
6
8
-1
15
-9
4
6
2
9
9
3
7
14
9
9
5
1
2
6
12
-3
-5
3
1
-1
12
-5
7
-5
3
-1
21
1
4
11
9
7
-8
11
4
10
-3
15
7
11
-4
2
8
-1
15
-6
5
13
4
3
15
15
8
3
10
-3
17
10
-3
16
9
7
3
5
-1
11
6
-1
9
7
-2
4
7
8
2
-1
9
4
-5
5
6
8
15
9
-7
9
5
4
5
3
13
9
15
8
9
10
-7
6
-6
13
12
-3
10
6
8
-8
8
10
-5
10
