-19
-20
-20
-19
-15
-19
-19
-20
-20
-19
-19
-18
-20
-19
-20
-20
-17
-21
-20
-20
-20
-20
-19
-21
-17
-20
-20
-17
-17
-19
-20
-20
-21
-18
-20
-20
-20
-20
-20
-20
-20
-15
-21
-19
-20
-20
-21
-18
-21
-19
-17
-20
-18
-20
-19
-18
-18
-17
-19
-19
-19
-20
-19
-21
-18
-16
-20
-18
-20
-18
-17
-18
-20
-18
-20
-17
-18
-21
-18
-18
-18
-18
-19
-17
-18
-19
-18
-19
-20
-21
-20
-18
-18
-20
-20
-19
-14
-18
-17
-19
-18
-20
-20
-20
-20
-20
-17
-17
-20
-20
-16
-18
-19
-19
-17
-19
-18
-20
-20
-18
-18
-20
-19
-18
-19
-19
-18
-21
-18
-18
-20
-18
-19
-17
-20
-17
-19
-20
-20
-18
-17
-21
-19
-18
-17
-17
-20
-18
-18
-16
-20
-19
-18
-18
-19
-19
-20
-18
-19
-19
-19
-21
-17
-19
-19
-18
-19
-19
-19
-21
-17
-18
-18
-18
-20
-20
-20
-20
-19
-19
-19
-17
-21
-17
-18
-19
-19
-20
-20
-19
-18
-20
-16
-18
-20
-20
-21
-19
-16
-19
-18
-18
-19
-20
-19
-18
-17
-17
-20
-20
-21
-18
-20
-18
-20
-18
-15
-19
-20
-19
-17
-20
-19
-18
-19
-16
-20
-20
-18
-18
-21
-18
-18
-18
-19
-20
-20
-19
-18
-20
-21
-20
-17
-17
-19
-21
-20
-19
-18
-19
-20
-19
-18
-19
-19
-18
-20
-21
-21
-20
-18
-19
-17
-21
-18
-20
-18
-20
-18
-19
-20
-18
-20
-20
-17
-20
-18
-17
-18
-19
-17
-18
-20
-17
-18
-17
-17
-18
-17
-20
-16
-14
-13
-14
-17
-17
-21
-20
-20
-18
-21
-19
-19
-16
-16
-21
-21
-17
-16
-18
-19
-18
-17
-18
-19
-16
-17
-17
-17
-18
-19
-20
-17
-19
-16
-20
-18
-18
-17
-20
-16
-17
-21
-13
-20
-19
-17
-17
-18
-18
-17
-19
-19
-19
-16
-17
-20
-17
-12
-20
-18
-16
-17
-17
-18
-14
-17
-17
-17
-17
-16
-19
-21
-17
-17
-19
-18
-16
-21
-17
-17
-20
-17
-20
-17
-20
-20
-13
-18
-16
-17
-17
-16
-16
-14
-16
-15
-20
-17
-17
-17
-17
-18
-12
-16
-18
-17
-18
-15
-19
-16
-19
-18
-18
-20
-19
-14
-20
-19
-17
-15
-17
-16
-18
-17
-19
-15
-21
-18
-16
-15
-17
-16
-13
-17
-15
-17
-19
-18
-17
-18
-15
-17
-17
-15
-17
-19
-19
-19
-16
-18
-17
-19
-16
-14
-15
-17
-17
-19
-17
-19
-17
-16
-18
-19
-19
-19
-15
-14
-17
-19
-17
-16
-14
-18
-16
-18
-18
-16
-16
-17
-19
-19
-18
-14
-16
-15
-18
-18
-17
-15
-17
-19
-16
-20
-17
-13
-16
-17
-19
-16
-16
-20
-19
-20
-16
-18
-15
-19
-16
-19
-17
-16
-16
-10
-19
-13
-14
-16
-15
-14
-16
-18
-16
-20
-14
-15
-17
-19
