-14
-18
-15
-12
-17
-15
-14
-14
-17
-21
-18
-15
-18
-13
-19
-15
-16
-14
-12
-15
-16
-19
-13
-17
-14
-17
-13
-17
-14
-18
-14
-14
-19
-14
-13
-16
-17
-13
-19
-17
-17
-17
-11
-16
-19
-18
-17
-18
-8
-21
-14
-15
-5
-17
-12
-20
-12
-15
-18
-14
-16
-16
-17
-17
-20
-11
-13
-12
-18
-13
-17
-19
-15
-18
-18
-13
-15
-16
-18
-15
-17
-18
-11
-17
-15
-20
-15
-15
-18
-17
-19
-16
-12
-15
-17
-17
-16
-16
-18
-15
-19
-16
-14
-17
-17
-12
-14
-18
-14
-21
-19
-16
-18
-20
-17
-21
-17
-19
-14
-17
-16
-15
-20
-18
-19
-17
-12
-15
-20
-16
-12
-11
-10
-12
-16
-17
-19
-12
-18
-16
-17
-18
-18
-16
-21
-19
-16
-11
-14
-19
-10
-14
-15
-13
-14
-18
-19
-11
-15
-17
-14
-18
-15
-16
-17
-12
-13
-14
-13
-12
-14
-15
-17
-17
-17
-14
-17
-9
-14
-17
-19
-17
-14
-16
-18
-20
-15
-14
-18
-9
-18
-11
-15
-13
-15
-17
-16
-14
-18
-16
-17
-16
-15
-19
-15
-15
-16
-14
-20
-17
-14
-17
-16
-9
-13
-14
-16
-16
-15
-13
-12
-17
-15
-16
-18
-18
-13
-19
-17
-14
-16
-14
-14
-15
-18
-14
-16
-17
-12
-12
-17
-16
-16
-17
-20
-16
-17
-16
-16
-18
-17
-13
-18
-12
-14
-15
-20
-18
-8
-9
-16
-16
-18
-19
-13
-12
-14
-16
-17
-12
-14
-12
-16
-8
-20
-16
-18
-18
-17
-19
-15
-15
-14
-11
-14
-17
-18
-14
-14
-16
-19
-15
-13
-13
-18
-17
-13
-16
-16
-12
-15
-16
-14
-15
-20
-16
-20
-16
-15
-15
-18
-9
-16
-18
-12
-14
-17
-16
-11
-16
-14
-18
-15
-14
-11
-12
-8
-14
-14
-17
-14
-9
-18
-13
-16
-16
-16
-15
-3
-12
-15
-13
-17
-16
-12
-15
-14
-18
-13
-16
-14
-14
-12
-10
-15
-14
-14
-11
-11
-15
-13
-17
-12
-10
-12
-13
-18
-14
-17
-12
-15
-12
-9
-9
-15
-16
-15
-18
-10
-15
-15
-17
-18
-12
-15
