-10
-12
-10
-13
-9
-7
-11
-5
-9
-15
-11
-11
-12
-11
-10
-7
-4
-12
-3
-14
-13
-7
-12
-11
-1
-9
-7
-11
-11
-14
-12
-9
-11
-10
-12
-2
-13
-10
-8
-15
-11
-5
-18
-8
-16
-11
-5
-6
-11
-9
-10
-11
-11
-10
-11
-13
-11
-13
1
-10
-8
-9
-9
-15
-10
-12
-15
-10
-10
-14
-4
-6
-7
-16
-9
-10
-8
-12
-9
-12
-13
-1
-12
-5
2
-4
-18
-4
-8
-10
-13
-9
-3
-11
2
-4
-5
-9
-7
-11
-8
-12
-9
1
-16
-7
-17
-12
-10
-12
-15
-2
-8
-9
-6
-11
-17
-5
-8
-10
-9
-6
-8
-10
-13
-8
-11
-14
4
1
-5
-9
-12
-8
2
-9
-5
-6
-12
-5
-8
-10
-8
-11
-12
-3
-2
-6
-10
-5
-6
-7
-5
-2
-13
-4
-6
-3
-4
-11
-14
-11
-11
-9
-11
-11
-8
-10
-12
-4
-3
-4
-10
-11
-10
-12
-10
-6
-8
-8
-13
-14
-10
-6
-12
-14
-10
-8
-1
-4
-10
-9
-6
-14
-8
-11
-3
-10
-16
-11
-9
-10
-10
-7
-3
-9
-7
-9
-12
-5
-9
-10
7
-9
-10
-5
-5
-10
-6
-12
-6
-9
-8
-7
-8
-3
-1
-9
-9
-4
-8
-8
-8
-2
-10
-10
-8
-7
-11
-13
-9
-10
-6
-7
-9
-12
-4
-11
-7
-12
-8
-9
-5
-3
-5
-6
-17
-9
-8
-5
-10
-11
-5
-3
-12
-4
-2
-7
-11
-14
-7
-3
-1
-12
-9
-8
-15
-13
-8
-4
-13
-14
-12
-3
-10
-2
-6
-7
-5
-6
-8
-9
-5
-8
-10
-6
-12
-11
-1
-2
-7
