-14
-17
-16
-18
-13
-19
-19
-18
-19
-16
-16
-16
-16
-12
-16
-20
-18
-17
-16
-18
-16
-17
-18
-20
-19
-17
-14
-20
-18
-17
-19
-14
-17
-14
-18
-12
-18
-15
-15
-15
-19
-17
-15
-13
-17
-16
-15
-17
-14
-17
-15
-19
-14
-9
-18
-16
-16
-19
-16
-17
-20
-18
-17
-17
-15
-10
-14
-18
-16
-12
-13
-15
-11
-20
-14
-15
-17
-14
-15
-13
-15
-13
-16
-20
-16
-16
-16
-18
-16
-13
-20
-16
-17
-17
-16
-14
-16
-8
-15
-16
-18
-18
-16
-12
-17
-17
-18
-17
-17
-16
-18
-16
-15
-17
-17
-17
-17
-17
-18
-15
-17
-17
-18
-14
-13
-12
-14
-17
-17
-20
-18
-18
-15
-18
-15
-20
-15
-17
-15
-16
-18
-17
-20
-19
-17
-17
-18
-18
-12
-16
-19
-19
-18
-19
-16
-16
-17
-16
-19
-13
-14
-18
-15
-15
-14
-13
-14
-17
-15
-18
-18
-19
-17
-19
-19
-16
-13
-17
-16
-15
-13
-18
-19
-16
-17
-15
-19
-15
-17
-13
-16
-19
-14
-18
-15
-10
-12
-16
-14
-12
-14
-16
-14
-18
-17
-16
-16
-17
-16
-15
-14
-18
-17
-17
-13
-15
-17
-16
-13
-20
-20
-16
-9
-18
-16
-15
-17
-16
-15
-16
-16
-18
-17
-13
-15
-19
-16
-15
-16
-13
-17
-13
-12
-9
-18
-16
-21
-17
-19
-15
-19
-16
-17
-17
-17
-15
-19
-19
-16
-18
-12
-14
-8
-19
-20
-14
-20
-19
-19
-16
-16
-17
-19
-21
-19
-17
-14
-12
-20
-17
-19
-17
-19
-18
-15
-15
-17
-12
-17
-19
-18
-12
-17
-17
-13
-16
-17
-16
-20
-18
-20
-18
-13
-14
-18
-16
-15
-14
-18
-14
-15
-15
-17
-18
-18
-17
-16
-19
-17
-19
-16
-16
-9
-12
-17
-15
-18
-14
-19
-15
-20
-18
-14
-16
-16
-16
-18
-16
-12
-17
-14
-16
-17
-15
-19
-17
-17
-16
-9
-16
-18
-18
-16
-16
-8
-14
-14
-15
-18
-17
-13
-14
-14
-17
-16
-18
-14
-20
-20
-15
-17
-14
-15
-13
-15
-13
-16
-14
-13
-16
-19
-13
-19
-16
-16
-14
-14
-16
-16
-16
-17
-17
-16
-16
-18
-17
-19
-19
-17
-17
-16
