8
5
-5
2
9
5
13
1
3
5
13
15
9
16
8
-6
4
11
4
9
19
8
10
5
1
9
4
10
8
10
18
1
9
2
8
-4
13
7
4
-1
13
9
-4
1
5
8
9
12
17
-2
1
11
8
12
8
1
10
16
-2
15
12
9
6
19
15
9
16
1
6
10
1
8
-4
-10
2
-4
4
10
6
5
1
3
5
18
9
8
3
-1
12
7
3
-9
-10
8
3
9
8
3
5
3
6
7
-1
10
17
5
10
11
4
-4
-8
15
-7
13
13
14
6
7
-1
-2
-3
-1
-11
5
3
19
11
13
11
1
5
8
-1
5
-7
13
13
11
9
10
9
8
2
7
17
9
15
7
8
8
7
13
11
8
16
17
1
12
-5
3
1
8
14
15
10
3
7
8
12
-2
-4
11
3
2
15
11
5
14
-5
18
2
8
8
12
9
9
14
-4
4
9
13
12
9
3
7
2
10
6
14
6
9
10
9
15
4
7
8
-7
6
6
10
15
2
13
4
10
10
8
7
8
2
3
11
8
8
11
13
14
8
-4
6
1
5
6
13
13
-4
16
-5
13
6
6
8
8
9
-6
14
6
11
11
7
-2
4
13
4
3
11
15
7
14
14
20
9
11
12
6
-4
5
2
-1
10
2
6
4
6
10
6
18
4
8
-6
11
10
2
-4
5
4
5
14
10
4
7
7
13
11
16
10
11
7
4
7
6
10
4
15
6
7
10
1
13
13
8
19
2
14
3
11
4
9
9
8
11
9
-9
1
8
-7
10
20
4
7
