1 60.0
2 38.0
3 71.0
4 71.0
5 41.0
6 55.0
7 108.0
8 46.0
9 115.0
10 14.0
11 67.0
12 358.0
13 59.0
14 44.0
15 33.0
16 42.0
17 42.0
18 60.0
19 26.0
20 53.0
21 39.0
22 21.0
23 55.0
24 41.0
25 81.0
26 28.0
27 41.0
28 61.0
29 41.0
30 23.0
31 23.0
32 101.0
33 45.0
34 50.0
35 78.0
36 108.0
37 42.0
38 48.0
39 37.0
40 46.0
41 51.0
42 41.0
43 49.0
44 69.0
45 33.0
46 319.0
47 34.0
48 41.0
49 32.0
50 51.0
51 59.0
52 343.0
53 28.0
54 72.0
55 55.0
56 45.0
57 75.0
58 50.0
59 97.0
60 55.0
61 22.0
62 377.0
63 292.0
64 31.0
65 28.0
66 356.0
67 55.0
68 78.0
69 29.0
70 98.0
71 27.0
72 62.0
73 82.0
74 123.0
75 76.0
76 85.0
77 102.0
78 30.0
79 89.0
80 73.0
81 35.0
82 42.0
83 30.0
84 65.0
85 61.0
86 44.0
87 15.0
88 38.0
89 319.0
90 71.0
91 38.0
92 31.0
93 57.0
94 85.0
95 38.0
96 89.0
97 51.0
98 63.0
99 84.0
100 249.0